dft data
0 0.0
10 1.0516626041666348e-05
20 0.000580635254687496
30 0.07772554094045095
40 1.0069417875877316
50 0.955480624631034
60 0.8682798979361183
70 0.8182320345609945
80 0.8258829491329053
90 0.9518326033389735
100 1.1208304263234223
110 1.2253500284618906
120 1.263060785906051
130 1.2730066404308678
140 1.2456075527348303
150 1.2574297583750178
160 1.331015686403001
170 1.3994936515600271
180 1.4451337439813248
190 1.4865780915404645
200 1.5437765945408375
210 1.5678619015667656
220 1.63793071351168
230 1.6870161044027716
240 1.6787532241100667
250 1.6514050714154302
260 1.6544521372134333
270 1.7063547749667862
280 1.8212036245575298
290 1.9508454536139155
300 1.982231763381683
310 2.0051170673487677
320 2.109443587172653
330 2.2113213734885035
340 2.2653211278634693
350 2.312005945698353
360 2.3417404919879186
370 2.333431656450529
380 2.287786929852259
390 2.264888001368447
400 2.2625602286352025
410 2.2749103057570146
420 2.3130427048071485
430 2.363413036135895
440 2.4450568558767576
450 2.5385564245172816
460 2.630580600238613
470 2.6581776225480236
480 2.636820459168709
490 2.606589639451944
500 2.595211085420869
510 2.642474217352841
520 2.7290996031112367
530 2.801992713143529
540 2.808546470390322
550 2.8288584012425635
560 2.8716601115894935
570 2.9358910305556107
580 3.0428950714372305
590 3.195899075458579
600 3.3234336769855815
610 3.3857207916020413
620 3.40459203088662
630 3.420555343314105
640 3.4918005123341955
650 3.5713880255160064
660 3.634704225625372
670 3.670096927363678
680 3.647796393700711
690 3.596936386040605
700 3.5559692161086667
710 3.4947096256758337
720 3.440755538350217
730 3.444476286357459
740 3.4265489061686414
750 3.4324128216103347
760 3.4656368803234145
770 3.5229242803372713
780 3.5885676693644384
790 3.616727927115727
800 3.6119507110268443
810 3.647511529785941
820 3.7496039766905764
830 3.8367521066658674
840 3.807288450109589
850 3.7512952833013546
860 3.6757035260644866
870 3.6789078012482093
880 3.7361978533022033
890 3.7974800175146193
900 3.8372437643107715
910 3.8802954972299246
920 3.903569707545902
930 3.9194476089469865
940 3.9531209955804543
950 4.010889225674649
960 4.02992672362301
970 3.983758943531882
980 3.9455933347963494
990 3.8954169669967924
1000 3.9241109368872475
1010 3.994135703273669
1020 4.033786287787139
1030 4.06409586926648
1040 4.078819765978289
1050 4.082703962600487
1060 4.0885570119498595
1070 4.096555474368755
1080 4.160682768466568
1090 4.240863947779502
1100 4.303961814892616
1110 4.3426411734462445
1120 4.336333430968568
1130 4.340509835827822
1140 4.372735090950772
1150 4.32553461357836
1160 4.296160337991513
1170 4.347631887254572
1180 4.349389793189654
1190 4.317508083030945
1200 4.321624132995695
1210 4.359414175942515
1220 4.425919619843577
1230 4.499109809832145
1240 4.57672173058408
1250 4.620404689322701
1260 4.6045536303007255
1270 4.585770309047008
1280 4.592190767079818
1290 4.628843412306993
1300 4.6556015383722
1310 4.68248912732754
1320 4.676154049063986
1330 4.64846685271346
1340 4.641036016973785
1350 4.667583418296915
1360 4.697774673258311
1370 4.670993766353443
1380 4.632533296173694
1390 4.6690764141032055
1400 4.683840521946279
1410 4.662718587634045
1420 4.698260387144916
1430 4.7916602560438575
1440 4.853772806649206
1450 4.865929521441827
1460 4.816710251136301
1470 4.74250800805543
1480 4.728180963182428
1490 4.796755340955606
1500 4.856729744266516
1510 4.888958654162848
1520 4.921969239761282
1530 4.883254977728129
1540 4.80858692398052
1550 4.745760292945005
1560 4.7714990409173375
1570 4.910303638888601
1580 5.042482137760157
1590 5.067076618234119
1600 5.05947550659969
1610 5.097462476032817
1620 5.118274897764012
1630 5.171959724840933
1640 5.229577812075017
1650 5.231472505877913
1660 5.180272695385084
1670 5.135434569358686
1680 5.121651270289999
1690 5.1235556009065455
1700 5.194360165054518
1710 5.290387976355658
1720 5.298571215911114
1730 5.319071988834693
1740 5.3274437761727995
1750 5.233428977119353
1760 5.141644990846644
1770 5.136001998213978
1780 5.120169776316417
1790 5.110834313978106
1800 5.084884055133606
1810 5.062661796951897
1820 5.134167703250848
1830 5.225769044604992
1840 5.290735091979642
1850 5.322184481676364
1860 5.2321919391980005
1870 5.139471993532881
1880 5.2267327486798845
1890 5.359622604461421
1900 5.348312818310742
1910 5.309415441706094
1920 5.419003565341272
1930 5.602283105091337
1940 5.669337810066352
1950 5.652020822551257
1960 5.703123731305317
1970 5.793581205674541
1980 5.857935901516698
1990 5.92771670622637
2000 5.989214365380697
2010 6.020426671452262
2020 6.102779039729512
2030 6.174987866070672
2040 6.107629402592536
2050 5.969673725284846
2060 5.91785420561233
2070 5.969608856295298
2080 6.0192567164374005
2090 6.057402896086362
2100 6.073191508077496
2110 6.135839149094718
2120 6.165057027054655
2130 6.166317270765813
2140 6.178560187726774
2150 6.224550868907009
2160 6.274066077737757
2170 6.285348895791216
2180 6.32682976348801
2190 6.388380606836499
2200 6.464184764945766
2210 6.502503247784538
2220 6.487048005906345
2230 6.474048505701809
2240 6.514750113741248
2250 6.584686181657883
2260 6.605008290250009
2270 6.631991387332213
2280 6.667912907551521
2290 6.574736071631116
2300 6.485664618486706
2310 6.509043796510205
2320 6.494503869337403
2330 6.454725796790721
2340 6.437257741128232
2350 6.483425613225054
2360 6.5775026754947605
2370 6.688190860069713
2380 6.771270873754108
2390 6.786107081922583
2400 6.7197040063383895
2410 6.628059007375032
2420 6.558585589430796
2430 6.588611610240033
2440 6.7447811996846925
2450 6.8565113523300845
2460 6.852742141631706
2470 6.872983760390071
2480 6.945908807547963
2490 6.993332123345972
2500 7.017089569742666
2510 6.992378970977935
2520 6.940244411602701
2530 6.993170786315292
2540 7.059986853908419
2550 7.03461455772162
2560 6.996785759137469
2570 7.027821060826668
2580 7.068038820290526
2590 7.092334861642725
2600 7.161866992189253
2610 7.214511102660232
2620 7.186192313568427
2630 7.184573731207439
2640 7.253345926400638
2650 7.2489879898086285
2660 7.166268328446819
2670 7.048938064961251
2680 7.0282956641168495
2690 7.054392131135906
2700 7.082412881483797
2710 7.062748162271665
2720 7.000048815605868
2730 7.044074652077078
2740 7.142488119723425
2750 7.158776125416774
2760 7.114960856704632
2770 7.065771844405947
2780 7.003224770114031
2790 6.984479206795104
2800 7.0378853124287035
2810 7.074583014459762
2820 7.079647303359408
2830 7.09028901510743
2840 7.079431535265496
2850 7.092656886755875
2860 7.247445493631293
2870 7.391060857552634
2880 7.443843266897697
2890 7.443641690122747
2900 7.476471010363049
2910 7.570060526462271
2920 7.651776431266498
2930 7.741768778051586
2940 7.755183934848891
2950 7.7213549924582425
2960 7.698003154890135
2970 7.662268742606881
2980 7.652026090176214
2990 7.691608972433911
3000 7.680611415589993
3010 7.614527373081295
3020 7.649156111863442
3030 7.655959420731374
3040 7.636717678429997
3050 7.620541230499232
3060 7.581665660745755
3070 7.6013351160611355
3080 7.650230629684846
3090 7.766268282386901
3100 7.930441840662631
3110 7.975122063457867
3120 7.9251968734053335
3130 7.942980885438871
3140 8.002642037774095
3150 8.07279557844914
3160 8.198920507942539
3170 8.263387479576172
3180 8.25101232214849
3190 8.214313632230347
3200 8.119070987881903
3210 8.06738813652587
3220 8.187073057112752
3230 8.42173028250193
3240 8.5748905534151
3250 8.57114850359932
3260 8.56882710619313
3270 8.600442514666364
3280 8.59256729916153
3290 8.595446256522246
3300 8.707107957780496
3310 8.800895922331515
3320 8.813165871501022
3330 8.811901511114108
3340 8.85573539172305
3350 8.959716292037566
3360 9.092000228152896
3370 9.210444440075078
3380 9.261525735919937
3390 9.268510025473502
3400 9.296493858783398
3410 9.407876957758731
3420 9.423524301623024
3430 9.338753788329543
3440 9.291399506994441
3450 9.315266146781072
3460 9.41899830661933
3470 9.595953392544352
3480 9.687831101873451
3490 9.676545351224325
3500 9.653594523540763
3510 9.656712991926364
3520 9.643187583580513
3530 9.588829708932737
3540 9.56344043754347
3550 9.549539363074851
3560 9.584045363677976
3570 9.629577223612575
3580 9.555179695315669
3590 9.451074291565957
3600 9.409529160193747
3610 9.430601992435937
3620 9.474543568982272
3630 9.460233219979765
3640 9.487834515397658
3650 9.563011983277574
3660 9.554530464500052
3670 9.545441431447202
3680 9.633904857821314
3690 9.632818191738382
3700 9.549168119225238
3710 9.522135742273111
3720 9.476469574659113
3730 9.473663022422562
3740 9.54162833313332
3750 9.550349011470724
3760 9.54206601324664
3770 9.602711559979754
3780 9.729865515823752
3790 9.858103101225133
3800 9.88278791760651
3810 9.812360412749245
3820 9.783863757917159
3830 9.828087350122678
3840 9.793475325574017
3850 9.685954822687982
3860 9.564628835338773
3870 9.454656627557723
3880 9.375228212627148
3890 9.313450570915668
3900 9.3015512854103
3910 9.33242615596902
3920 9.392105354558359
3930 9.46463317656304
3940 9.551771590874816
3950 9.627637930292718
3960 9.649584061119304
3970 9.636598400230175
3980 9.700579534694413
3990 9.846932939446079
4000 10.037288687864242
4010 10.132340001635237
4020 10.07997473345046
4030 10.02831829755303
4040 9.983665332102658
4050 9.906665282959539
4060 9.897641748970688
4070 9.932236704854374
4080 10.01510555842559
4090 10.139716482942339
4100 10.150250902873848
4110 10.166773249952303
4120 10.142874830860988
4130 10.051273253972893
4140 10.025698345180809
4150 10.132631721036082
4160 10.265809736218584
4170 10.224892933349993
4180 10.136559978269169
4190 10.205036369249958
4200 10.254971050648603
4210 10.232340409577036
4220 10.106790443968308
4230 10.013076038825675
4240 10.167583021212858
4250 10.359583623613469
4260 10.33006183735082
4270 10.249105120725888
4280 10.286242877752818
4290 10.333912720416151
4300 10.322511958908661
4310 10.368384911363401
4320 10.443839396259458
4330 10.403281211414212
4340 10.31137559660524
4350 10.250625337833833
4360 10.228404078828733
4370 10.149530068850813
4380 10.085835079993311
4390 10.120869710501005
4400 10.12775651399618
4410 10.106586465741241
4420 9.976497676738138
4430 9.925438786488504
4440 10.06271111623718
4450 10.20779122220967
4460 10.292562405079636
4470 10.279325331809263
4480 10.263857810278546
4490 10.306880179661322
4500 10.23993628320285
4510 10.151745602381565
4520 10.179692281178232
4530 10.321710846464336
4540 10.39422193105881
4550 10.390440431714694
4560 10.45813270095085
4570 10.522254030061502
4580 10.502037274997454
4590 10.53149891519037
4600 10.612895439662822
4610 10.623375014819873
4620 10.598774573821942
4630 10.63824767426979
4640 10.769998756685945
4650 10.859030108734439
4660 10.827152398583943
4670 10.842609843224261
4680 10.869551440057387
4690 10.884811028648727
4700 10.929085163416252
4710 10.925568369162347
4720 10.822893217778201
4730 10.712563188533844
4740 10.7297607963636
4750 10.760930696931782
4760 10.755372493577532
4770 10.759883519823845
4780 10.803475300353403
4790 10.940428135441676
4800 11.038140041448068
4810 11.088563457695807
4820 11.143017753892323
4830 11.20527929540721
4840 11.233682904233605
4850 11.195751231473123
4860 11.120458611570252
4870 11.056663343218874
4880 11.202911741609027
4890 11.431972849020147
4900 11.516464988242882
4910 11.470081812726873
4920 11.419662259652492
4930 11.42005197937353
4940 11.359785171138329
4950 11.327339935719289
4960 11.362912138560693
4970 11.33882837507368
4980 11.227146184026019
4990 11.217214723270843
5000 11.30112956440685
